27624
14435
6985
30543
33407
66473
71971
28522
74242
29089
31405
10940
25307
35128
46801
38044
21226
40830
23699
31951
29577
17575
17710
51501
9184
38421
34223
54933
22284
31860
35193
33431
18864
39320
36906
67373
21775
40357
81243
51130
39540
45141
58452
30330
20506
38933
23000
20692
21564
22383
15955
30587
26136
32362
25212
6222
29577
32858
27025
30567
35941
18119
18264
18803
18296
23840
15935
18835
23302
12743
29583
20370
29968
36034
31428
20361
26692
28777
29647
21798
23522
21011
21442
17184
15602
16112
16144
20613
7814
29822
17457
38714
35844
32084
44940
26463
18836
27288
28855
21865
33699
20144
20163
21215
19339
20249
15394
42298
34164
39210
44102
40698
39596
35241
40575
6876
37680
8062
35048
6974
8645
30336
5621
28571
32775
11789
35954
6468
9479
36080
30394
30251
15457
29490
18117
25664
18583
18970
23308
12187
20986
17476
17940
8058
29095
19922
14352
9977
16822
33818
26047
21254
33533
34064
4940
30966
33469
40531
30946
30690
9871
6163
17553
21799
22474
21540
18535
18696
31073
9203
20023
10462
10772
28480
31076
39640
31277
37946
32838
42316
35103
9746
33544
27371
8680
33671
25103
8194
26285
24391
20106
25983
28831
10486
28341
26574
30312
33810
32249
33405
19778
18747
12596
31908
34100
23624
26107
10638
27799
13131
27330
11079
33509
5067
29127
25122
14032
34402
31967
23627
28326
25708
6974
25658
5424
29528
7194
10162
26117
10707
12793
20320
6797
36216
10623
32634
6143
9919
30586
25267
27704
34608
36071
21506
38892
19755
6066
19978
23394
6837
24949
36206
28252
23266
29050
29130
13569
9213
24726
40733
34071
30099
31449
33547
37403
12994
25340
35222
4498
33795
14344
32652
34863
32583
11607
7327
13451
33083
12479
16255
24423
23451
30548
30983
24904
12686
28220
8145
23557
7196
31037
8922
20997
32351
17922
9087
38195
10329
21715
22527
31420
26265
41695
18545
13293
10974
26093
25035
32305
8993
14633
29244
15646
7808
15185
28581
16433
40612
23112
5199
8148
5538
8429
9020
36556
33731
32519
28877
30412
31904
32298
5319
23592
14028
33011
26191
26133
32202
7164
23225
4692
9360
14102
23274
5910
7369
14849
10831
8167
15092
7976
27271
35994
26796
35007
27692
37776
32085
13488
22730
20700
15062
21930
17221
24271
14043
16883
35940
23594
15280
17516
31881
15834
9638
9590
8584
8950
14204
15901
44924
14420
30310
7731
14281
21505
11374
34765
16134
29554
22837
28379
26115
9957
38590
13095
28479
25181
19939
13403
31083
30989
27363
30474
30362
15964
21406
35470
22074
21344
26774
18859
5765
25600
31018
9227
21041
27724
22714
11857
16928
13184
17200
11338
23105
29640
34751
20039
33963
29048
20777
29022
21722
17010
33667
11857
16577
29445
34558
34273
6761
14539
31514
35334
15697
17606
17800
19868
13700
18421
22946
13808
16510
5759
20420
27781
17774
33834
42358
19495
5298
5249
6771
5285
35474
31651
22557
24844
38198
33417
30827
32570
21442
23753
21889
20461
19231
21888
22848
21434
31852
13674
12008
36410
9495
26317
30763
6420
30113
13258
12437
18658
13611
10595
16961
19440
31498
19300
10590
27981
24506
