1995
3125
2324
1871
2487
2103
1613
2146
1827
1701
2126
1543
1583
2042
1576
1539
2044
1569
1559
2051
1568
1551
1992
1565
1546
2056
1566
1545
2068
1546
1557
2045
1570
1546
2470
1920
1561
2462
1888
1541
2470
1876
1550
2467
1968
1555
2496
1576
1600
1920
1606
1869
1903
1575
1585
1886
1579
1521
1893
1582
1565
1925
1575
1553
1884
1577
1557
1849
1584
1548
1896
1589
1561
2035
1565
1582
1586
1577
1570
1573
1566
1566
1558
1579
1571
1619
1576
1596
1540
1609
1568
1593
1568
1597
1567
1576
1570
1570
1567
1571
1562
1578
1573
1563
1568
1583
1562
1578
1583
1564
1569
1578
1555
1575
1569
1559
1572
1573
1551
1580
1565
1554
1566
1567
1558
1575
1570
1567
1569
1795
1572
1577
1835
1587
1569
1708
1557
1578
1565
1885
1569
1597
1893
1578
1597
1906
1616
1593
1890
1603
1590
1909
1547
1545
1878
1568
1563
1871
1532
1567
1848
1512
1623
1862
1570
1690
1837
1498
1673
1854
1505
1640
1834
1575
1673
1826
1504
1665
1880
1512
1700
1827
1528
1687
1875
1509
1650
1825
1572
1539
1827
1577
1845
2345
1718
1533
1888
1574
1530
1901
1569
1557
1889
1567
1550
1904
1557
1723
1887
1749
1723
1895
1736
1724
1891
1554
1544
1902
1557
1675
2181
1566
1551
1945
1540
1573
1661
1563
1544
2141
1574
1579
1846
1537
1575
1875
1576
1554
1560
1577
2475
2476
2026
1564
1898
1567
1546
1846
1536
1558
1924
1603
1570
1856
1558
1639
1872
1570
1601
1911
1549
2478
2041
2456
1935
1616
1876
1923
1546
1868
2468
1594
2186
1904
1586
1897
1917
1590
1876
1912
1557
1877
1935
1584
1887
1904
1603
1862
1909
1587
1911
1910
1557
1861
1911
1596
1877
1925
1563
1883
1920
1584
1880
1912
1569
1861
1921
1574
1864
1910
1566
1857
1913
1563
1851
1903
1580
1855
1913
1553
1797
1925
1561
1779
1915
1565
1795
1903
1590
1862
1909
1587
1933
1900
1584
1857
1906
1573
1888
1904
1576
1854
1911
1572
1858
1897
1596
1857
1910
1552
1868
1907
1584
1882
1914
1573
1848
1903
2353
2468
1907
2084
2107
1921
1618
1872
1931
1563
1860
1911
1599
1866
1911
1602
1922
1897
1570
1850
1910
1557
1840
1911
1579
1861
1912
1593
1859
1906
1578
1853
1905
1593
1903
1912
1564
1880
1914
1573
1901
1907
1555
1853
1912
1540
1856
1912
1526
1809
1906
1506
1806
1904
1731
2213
1916
1591
1886
1904
1557
1812
1907
1542
1825
1903
1515
1790
1909
1524
1782
1890
1551
1853
1908
1530
1788
1907
1523
1784
1910
1575
1842
1902
1656
1896
1911
1552
1796
1903
1543
1775
1914
1533
1792
1906
1544
1797
1899
1540
1770
1922
1571
1989
1894
1568
2003
1917
1556
1795
1916
1551
1848
1899
1631
1917
1903
1693
1928
1903
1702
1934
1903
1705
1936
1914
1712
1934
1907
1705
1948
1916
1596
1877
1916
1685
1923
1565
1571
1684
1579
1591
